775278983
1256437377
2102496206
492290275
289722894
390552334
789403965
1134859581
3302736646
1020668425
1136161320
1729933743
860074573
1246201927
1946435706
2027120721
1947577858
1354239979
286709768
1386001619
399643305
758054416
1774714569
2113533188
2001370505
528114002
110277716
986223128
2096136039
748506069
943291653
1741867196
1568175485
589585130
185416506
1455832728
670370785
699741239
1847153815
1111043765
17853413
1697480957
1990743071
1018370594
1007520697
656002567
2029391800
862954565
205996948
1818295749
1038327215
1162556512
810284672
422866835
1439156416
188136780
2055778154
1688217169
826433350
1901525170
758973588
1302536800
1307680580
18994470