201038662
1213804265
1610714042
203866507
1551533026
689618569
1923029464
1480488845
1236703175
2096854186
700519350
21160773
1537530544
464298340
1883130853
1248563275
404012445
625544959
1733231163
1680542578
982085632
999861725
468199393
870037847
1204016877
899488096
1939982069
71349909
470706388
383068543
1886781555
3865107138
1829978411
3351999788
542554700
234988306
485485269
1534249644
1190999558
1348912589
50397714
1765783652
597930610
371353915
44237311
1845649157
712749337
1623168946
823651476
1494435514
1227154375
683783467
970744464
854647701
1553611477
1715249487
3791886739
107255207
9365042
1115872276
2076818512
1127560589
1192664492
1560616499